3283510
91852355
97775638
91598943
93446008
23002017
24350487
67010122
65331987
97344446
65554966
67623365
53548482
41675057
90975526
65647217
65503420
90934871
90400851
95340880
66178518
62557340
66202871
25054777
90298627
97426980
24719592
90070682
79311066
4222406
14731153
90453076
15908725
90421421
77953274
5629214
24791819
20181584
69044416
18436187
10328717
67766473
14882219
91030604
4734628
90282519
22880452
67200419
92065297
92041688
92212918
67918880
66630628
24030282
83495065
92904929
63174131
68172166
6179799
2298532
65035901
14749871
67269128
5703821
80473689
50313417
68687647
48228312
27272267
66996275
92107698
66884849
92107045
66741275
69210794
67751145
9500173
90944404
68628148
32299363
70347261
24987212
68748401
66846814
69484180
80315878
66645803
24288938
70347254
57391522
92640298
68909410
91656389
69902780
92230427
57021205
97140678
90554746
5363826
69610494
91944813
18586601
24085649
77928914
80445151
95853327
9498992
97328852
98041043
95979062
70399573
79264926
17413779
92114232
93586527
77903368
79014193
98029284
93471476
67958721
90937917
93297702
68671338
93228406
96688388
96276709
6646957
79718533
22992937
91689411
65837549
67008069
93393518
90091850
67847292
80621262
69052158
92643438
6449801
67166818
57805578
63689877
68824392
5401479
19427882
69405797
90280820
66894458
93445860
65242216
2201290
22730052
68877681
68680485
68627029
66972262
43759432
50448239
50417938
67909527
24773788
18230263
18598815
63057493
69561712
75638099
96742697
69050429
68728093
83507700
68700598
79745667
65651362
68215142
69378290
69391736
69122063
57843172
92202656
96532019
92616032
65644042
68885709
80187724
69489628
97104170
58589367
70122990
70409573
93297641
92941909
80423728
69058567
64990737
93275198
68653158
69377568
92021506
9497955
67308215
68641386
67481081
90944812
57274231
67953047
23966201
66627293
90306781
70664179
