3283510
91852355
97775638
91598943
93446008
23002017
24350487
67010122
65331987
97344446
65554966
67623365
53548482
41675057
90975526
65647217
65503420
90934871
90400851
95340880
66178518
62557340
66202871
25054777
90298627
97426980
24719592
90070682
79311066
4222406
14731153
90453076
15908725
90421421
77953274
5629214
24791819
20181584
69044416
18436187
10328717
67766473
14882219
91030604
4734628
90282519
22880452
67200419
92065297
92041688
92212918
67918880
66630628
24030282
83495065
92904929
63174131
68172166
6179799
2298532
65035901
14749871
67269128
5703821
80473689
50313417
68687647
48228312
27272267
66996275
92107698
66884849
92107045
66741275
69210794
67751145
9500173
90944404
68628148
32299363
70347261
24987212
68748401
66846814
69484180
80315878
66645803
24288938
70347254
57391522
92640298
68909410
91656389
